user_ID, used_time, page_num
day1
5, 539, 22
11, 520, 35
5, 1193, 12
8, 941, 16
7, 511, 36
5, 355, 30
14, 18, 8
9, 1067, 17
4, 93, 6
12, 1309, 40
12, 795, 25
15, 1058, 20
9, 1183, 17
5, 1088, 2
1, 1019, 15
12, 945, 30
9, 858, 28
12, 320, 44
5, 1385, 11
12, 1160, 14
6, 1169, 47
15, 381, 9
5, 151, 31
15, 601, 26
15, 1049, 32
13, 445, 4
15, 654, 31
9, 457, 44
9, 246, 37
2, 1101, 8
2, 93, 9
9, 420, 31
7, 380, 26
10, 1431, 1
2, 1222, 43
9, 1173, 50
4, 524, 4
14, 118, 38
13, 472, 21
14, 1424, 43
9, 397, 4
2, 240, 2
13, 516, 17
7, 336, 36
9, 1424, 14
2, 571, 40
8, 997, 43
15, 1141, 43
3, 343, 33
2, 513, 28
1, 1030, 35
6, 1367, 15
13, 678, 21
12, 275, 30
6, 706, 26
11, 1076, 37
7, 1076, 50
9, 1247, 13
3, 1366, 17
5, 605, 6
9, 11, 49
1, 1300, 33
9, 415, 31
7, 151, 32
5, 60, 15
4, 224, 1
5, 1144, 15
13, 262, 46
10, 735, 32
9, 1169, 11
7, 987, 11
9, 1282, 41
9, 328, 36
14, 555, 45
10, 171, 50
3, 1060, 25
15, 338, 37
4, 838, 1
15, 1396, 9
5, 309, 33
6, 938, 26
4, 157, 30
11, 613, 5
3, 73, 47
15, 125, 49
8, 932, 38
12, 331, 20
1, 179, 14
5, 4, 8
14, 1412, 19
15, 140, 3
5, 195, 33
4, 72, 14
8, 237, 27
8, 580, 32
11, 778, 19
10, 299, 16
4, 475, 17
8, 222, 4
2, 1176, 47
12, 100, 34
11, 839, 27
5, 404, 50
6, 66, 45
15, 1224, 50
2, 700, 4
7, 697, 8
2, 1258, 42
15, 649, 11
10, 437, 26
12, 1271, 31
13, 1374, 28
13, 192, 24
4, 977, 42
9, 774, 35
15, 184, 22
9, 389, 9
7, 945, 6
4, 342, 10
11, 66, 18
3, 1309, 15
10, 1375, 18
4, 966, 29
8, 1049, 34
15, 1183, 20
14, 1382, 49
3, 837, 26
9, 1041, 44
7, 837, 39
10, 390, 21
10, 626, 44
10, 988, 37
6, 1301, 47
6, 431, 30
8, 734, 5
13, 1277, 6
14, 779, 18
10, 808, 13
8, 934, 2
2, 57, 47
14, 1266, 16
11, 231, 21
12, 984, 22
10, 329, 5
10, 805, 13
7, 891, 38
4, 242, 6
2, 1249, 19
13, 539, 22
7, 1263, 11
5, 1418, 3
10, 677, 14
14, 1257, 44
12, 121, 42
10, 59, 13
3, 1313, 26
11, 694, 7
10, 374, 7
10, 76, 16
9, 677, 31
7, 689, 50
2, 986, 16
13, 451, 49
7, 1343, 40
4, 1124, 12
7, 707, 5
4, 229, 36
2, 860, 43
8, 466, 43
13, 1280, 22
10, 899, 46
6, 402, 16
7, 1033, 14
15, 584, 21
1, 779, 49
7, 251, 9
11, 1033, 29
2, 1027, 16
7, 505, 38
4, 852, 3
13, 1126, 26
3, 682, 30
2, 194, 41
8, 184, 1
7, 1122, 19
14, 922, 26
1, 1260, 14
15, 265, 7
14, 495, 43
1, 1406, 30
3, 213, 24
day2
1, 457, 6
4, 992, 4
2, 1296, 10
14, 109, 18
12, 1207, 34
12, 432, 29
14, 765, 16
5, 163, 28
15, 871, 10
13, 759, 36
10, 410, 49
13, 543, 46
14, 484, 21
2, 414, 9
4, 890, 6
8, 1397, 1
2, 1, 35
14, 888, 39
8, 865, 41
3, 568, 13
10, 989, 9
3, 956, 38
11, 200, 36
8, 953, 32
5, 760, 30
7, 1187, 29
2, 788, 34
15, 1025, 45
13, 699, 20
11, 29, 42
6, 198, 2
4, 6, 48
7, 258, 49
8, 858, 21
10, 1011, 18
4, 1392, 9
5, 932, 31
15, 98, 22
4, 861, 47
5, 339, 23
1, 1353, 36
14, 1172, 21
4, 1053, 24
7, 307, 33
1, 218, 4
13, 759, 12
3, 753, 40
5, 196, 1
15, 563, 20
1, 1056, 2
8, 1170, 40
3, 496, 22
5, 1218, 12
10, 1339, 11
5, 1421, 10
11, 121, 18
10, 96, 28
3, 313, 44
15, 904, 7
7, 1256, 21
7, 298, 26
11, 1274, 34
6, 658, 47
1, 945, 47
2, 147, 22
4, 255, 23
8, 330, 3
2, 1208, 24
12, 679, 35
11, 459, 40
10, 1348, 4
8, 58, 1
7, 707, 45
3, 1095, 17
9, 1087, 22
7, 74, 16
3, 1158, 33
1, 788, 21
11, 929, 4
14, 1013, 32
10, 691, 26
14, 173, 36
5, 1168, 50
4, 622, 21
15, 49, 4
6, 1047, 42
4, 384, 2
10, 30, 1
1, 1407, 7
3, 633, 10
15, 1219, 20
10, 185, 32
14, 1365, 4
13, 397, 6
14, 601, 37
15, 1081, 7
15, 27, 48
14, 1345, 27
11, 1263, 9
15, 587, 41
11, 23, 13
4, 16, 41
11, 1215, 46
11, 975, 7
6, 46, 20
13, 14, 8
1, 1186, 28
5, 1148, 40
12, 433, 10
4, 1014, 38
13, 945, 41
14, 839, 11
9, 1215, 12
6, 145, 22
9, 1382, 48
11, 1138, 48
1, 1272, 34
6, 420, 14
10, 955, 4
9, 1237, 47
4, 699, 31
8, 166, 29
8, 857, 35
4, 896, 31
8, 242, 25
14, 1273, 12
14, 620, 18
1, 327, 19
9, 791, 11
9, 626, 17
6, 906, 8
8, 1035, 19
2, 1316, 48
1, 1369, 28
4, 615, 47
2, 1072, 47
9, 192, 3
11, 1145, 29
1, 470, 10
12, 384, 6
5, 455, 32
8, 1030, 44
1, 1019, 47
15, 328, 30
12, 192, 17
14, 1333, 3
8, 1033, 3
7, 254, 32
12, 1397, 18
8, 1064, 40
4, 102, 49
14, 716, 48
13, 428, 3
5, 223, 13
10, 1061, 49
6, 1421, 17
1, 750, 31
11, 166, 40
3, 1310, 8
12, 1005, 8
4, 809, 2
11, 1326, 34
13, 1376, 11
11, 169, 32
5, 19, 2
4, 167, 42
10, 607, 48
15, 484, 35
10, 651, 36
6, 530, 28
1, 1052, 28
1, 24, 28
10, 1030, 19
15, 1054, 41
6, 333, 23
11, 1004, 10
day3
12, 822, 2
4, 1397, 11
15, 668, 3
11, 436, 17
12, 130, 42
11, 75, 32
9, 303, 26
9, 316, 11
9, 1247, 28
12, 842, 30
14, 1091, 34
2, 1360, 11
7, 689, 22
6, 174, 31
6, 230, 36
10, 1222, 16
11, 322, 2
1, 249, 1
13, 1392, 13
5, 975, 38
7, 1200, 32
3, 902, 25
11, 406, 26
12, 291, 33
13, 339, 16
13, 604, 34
4, 146, 12
4, 357, 45
8, 481, 36
11, 1207, 17
10, 1014, 26
1, 930, 43
7, 724, 33
11, 120, 35
4, 461, 8
15, 1200, 2
6, 1381, 14
7, 1025, 23
6, 757, 11
14, 1179, 32
9, 303, 19
8, 935, 42
13, 808, 21
6, 668, 17
5, 109, 35
4, 255, 33
1, 1350, 47
14, 1102, 1
8, 762, 36
5, 1391, 28
1, 742, 1
1, 221, 26
3, 758, 3
10, 159, 12
4, 416, 45
15, 1138, 33
10, 860, 28
6, 922, 20
4, 339, 9
11, 367, 42
10, 708, 12
11, 1128, 50
13, 1115, 5
7, 1291, 45
3, 586, 11
8, 870, 15
10, 1373, 39
12, 622, 30
13, 667, 41
4, 664, 44
6, 1099, 39
2, 1364, 31
10, 406, 16
6, 1138, 30
2, 757, 11
14, 1124, 29
1, 574, 41
10, 315, 11
2, 1127, 50
12, 1203, 37
6, 455, 35
8, 550, 12
2, 513, 41
day4
13, 888, 50
12, 107, 42
14, 315, 18
6, 319, 28
12, 870, 31
14, 57, 1
10, 676, 26
2, 579, 43
14, 719, 20
11, 901, 5
13, 1426, 12
13, 1140, 39
9, 1353, 47
2, 992, 3
2, 413, 6
3, 1274, 29
8, 1215, 8
5, 297, 11
10, 1412, 7
14, 329, 29
4, 731, 12
6, 262, 18
9, 732, 16
14, 851, 28
14, 866, 21
10, 519, 37
14, 1273, 5
6, 487, 49
14, 1142, 37
3, 296, 49
9, 409, 46
8, 436, 17
8, 1067, 40
7, 289, 32
6, 117, 45
14, 1202, 28
2, 1072, 21
14, 323, 13
3, 691, 15
12, 935, 1
11, 1310, 46
1, 984, 29
5, 770, 28
8, 349, 37
10, 1146, 2
11, 340, 41
12, 1108, 47
3, 1301, 45
12, 661, 1
3, 107, 12
15, 1406, 38
9, 1309, 25
15, 1110, 13
13, 1329, 36
15, 213, 38
11, 1030, 13
7, 561, 42
13, 319, 45
10, 214, 12
13, 1270, 45
11, 1165, 18
15, 757, 4
12, 1288, 25
11, 98, 7
4, 668, 7
3, 17, 49
1, 399, 17
13, 427, 28
15, 268, 13
day5
12, 1316, 11
12, 443, 36
15, 348, 43
11, 1070, 26
15, 1026, 5
11, 779, 4
3, 1258, 11
11, 942, 49
11, 283, 16
6, 68, 35
9, 135, 23
9, 173, 1
12, 1166, 45
2, 1229, 20
12, 714, 26
4, 823, 1
4, 1081, 10
3, 497, 49
2, 838, 14
2, 167, 23
7, 1404, 46
10, 766, 17
10, 1134, 39
15, 181, 30
6, 1092, 32
15, 881, 13
15, 831, 11
6, 538, 30
4, 546, 44
1, 245, 8
10, 304, 48
4, 1414, 33
11, 583, 47
2, 381, 5
4, 10, 25
15, 60, 22
8, 68, 6
10, 874, 32
1, 76, 23
7, 142, 46
5, 514, 5
12, 896, 49
15, 1346, 7
5, 527, 42
12, 576, 15
13, 884, 23
4, 1056, 6
5, 422, 47
3, 884, 5
14, 643, 9
15, 645, 8
6, 416, 50
3, 126, 35
5, 433, 12
11, 615, 46
13, 1013, 8
14, 19, 31
3, 1204, 3
2, 195, 37
1, 1308, 50
15, 1203, 48
13, 1146, 46
13, 1061, 3
5, 474, 27
4, 905, 38
9, 402, 18
7, 87, 41
12, 867, 45
1, 868, 19
13, 1236, 36
11, 161, 26
8, 272, 47
9, 1038, 27
4, 764, 25
5, 16, 2
11, 392, 44
6, 935, 2
11, 669, 37
2, 588, 1
9, 553, 11
10, 1376, 26
12, 893, 43
12, 1032, 10
9, 1033, 5
15, 1150, 1
14, 1181, 10
4, 681, 36
6, 365, 16
4, 1326, 2
14, 8, 47
8, 637, 42
12, 396, 38
9, 268, 42
1, 703, 11
8, 1011, 16
5, 751, 28
4, 784, 17
6, 805, 36
3, 1165, 47
3, 253, 19
9, 643, 5
11, 889, 27
13, 346, 38
13, 858, 21
12, 411, 30
14, 899, 43
1, 1250, 35
2, 1050, 33
11, 1434, 1
12, 892, 41
12, 721, 34
2, 1269, 13
2, 973, 3
3, 181, 34
15, 1098, 27
3, 281, 38
8, 207, 40
14, 910, 23
11, 491, 29
7, 699, 5
8, 364, 18
15, 1358, 34
11, 371, 40
2, 87, 6
2, 99, 12
3, 1139, 44
7, 387, 3
15, 120, 22
12, 578, 28
9, 1115, 21
1, 989, 15
1, 974, 26
2, 133, 23
11, 1359, 4
1, 283, 37
8, 1316, 17
12, 1081, 25
3, 1131, 18
6, 299, 24
15, 207, 19
10, 82, 50
11, 1045, 45
13, 1330, 18
8, 171, 39
5, 1307, 46
10, 286, 42
7, 462, 37
1, 1169, 46
13, 514, 45
6, 99, 29
8, 217, 11
12, 223, 13
6, 496, 27
6, 517, 4
7, 1155, 36
8, 1378, 48
11, 193, 2
11, 126, 44
12, 177, 33
9, 607, 18
10, 567, 16
7, 229, 43
14, 554, 46
4, 804, 30
9, 784, 41
6, 768, 43
11, 653, 42
12, 1353, 37
13, 1307, 21
2, 786, 26
1, 1171, 29
3, 515, 34
2, 768, 19
15, 490, 34
7, 86, 44
6, 121, 27
12, 540, 9
7, 872, 23
3, 1093, 18
3, 1352, 12
10, 344, 35
13, 52, 22
1, 469, 3
8, 755, 29
9, 1090, 23
8, 147, 50
11, 700, 11
1, 1205, 42
14, 824, 2
12, 926, 50
14, 786, 21
day6
3, 1393, 7
1, 1280, 34
14, 1219, 22
11, 736, 40
11, 83, 23
9, 1273, 5
2, 958, 13
13, 289, 33
1, 228, 8
3, 564, 11
8, 142, 31
1, 1116, 16
6, 500, 32
15, 48, 31
11, 811, 29
12, 303, 43
13, 945, 47
1, 859, 29
15, 1034, 17
5, 682, 20
10, 180, 48
10, 51, 10
12, 256, 36
10, 982, 5
8, 696, 18
3, 747, 16
7, 259, 13
4, 1329, 49
14, 1083, 29
7, 960, 47
10, 197, 37
7, 1055, 42
15, 975, 6
8, 520, 4
6, 549, 45
13, 332, 48
15, 181, 27
8, 657, 27
12, 908, 7
8, 390, 35
6, 682, 27
12, 484, 20
9, 701, 3
13, 890, 31
8, 146, 23
9, 141, 13
9, 354, 37
7, 1201, 11
7, 35, 24
10, 233, 10
1, 429, 21
13, 1129, 23
14, 290, 13
2, 1089, 19
15, 1435, 24
2, 1090, 29
7, 856, 48
1, 248, 2
11, 1007, 26
9, 56, 49
14, 1052, 42
1, 15, 4
3, 323, 5
12, 174, 20
2, 977, 45
15, 95, 11
4, 713, 36
3, 378, 31
11, 1347, 18
5, 901, 25
7, 324, 48
6, 1415, 29
5, 974, 7
12, 79, 36
4, 1360, 15
14, 1079, 17
9, 88, 8
7, 295, 18
10, 814, 20
10, 355, 50
5, 903, 38
13, 182, 49
9, 889, 14
1, 271, 8
6, 1046, 32
8, 257, 25
5, 216, 6
13, 901, 30
5, 1115, 49
2, 1260, 39
13, 833, 25
1, 996, 34
4, 999, 42
12, 662, 18
3, 1254, 35
9, 639, 30
1, 1116, 36
10, 702, 1
1, 420, 25
11, 1044, 37
7, 368, 34
15, 627, 27
5, 517, 39
5, 1164, 44
14, 1007, 48
13, 1029, 12
12, 247, 41
5, 1233, 15
2, 1156, 48
12, 870, 49
7, 291, 43
5, 87, 30
12, 938, 30
9, 435, 21
9, 1326, 21
13, 1072, 41
12, 497, 10
11, 574, 49
5, 963, 10
8, 986, 24
11, 907, 16
6, 21, 50
15, 409, 17
9, 59, 14
11, 472, 13
4, 490, 29
9, 156, 3
15, 571, 48
1, 548, 18
2, 993, 10
7, 675, 49
5, 860, 32
9, 1199, 37
2, 184, 30
5, 82, 23
8, 676, 40
15, 145, 32
8, 1094, 48
15, 129, 39
14, 679, 31
15, 52, 41
4, 222, 45
1, 536, 5
10, 600, 19
13, 765, 46
1, 695, 44
9, 215, 38
2, 1347, 16
10, 1344, 35
14, 766, 46
4, 35, 17
11, 41, 32
1, 1, 36
15, 177, 36
1, 1433, 23
9, 1354, 41
13, 1094, 1
9, 168, 34
8, 277, 24
15, 1245, 35
3, 1074, 44
11, 142, 45
9, 729, 47
10, 1062, 14
11, 484, 14
10, 1109, 22
13, 484, 26
15, 125, 32
11, 1136, 43
5, 1412, 12
day7
9, 573, 2
13, 426, 3
12, 1380, 38
10, 1440, 39
7, 685, 31
11, 968, 28
11, 1121, 50
7, 1378, 43
11, 356, 24
11, 1059, 38
6, 331, 5
9, 268, 40
11, 213, 27
7, 1266, 1
4, 46, 18
9, 365, 21
10, 1004, 7
4, 832, 14
4, 140, 18
11, 577, 27
15, 973, 26
10, 1097, 22
14, 33, 22
15, 1006, 20
3, 362, 20
13, 134, 3
9, 1004, 43
9, 792, 41
9, 769, 18
15, 1038, 22
4, 355, 2
10, 1232, 22
8, 300, 9
9, 612, 32
12, 1416, 8
9, 329, 27
4, 702, 41
15, 951, 30
13, 130, 16
3, 661, 10
6, 537, 4
10, 1436, 41
5, 1022, 7
7, 959, 27
2, 268, 45
6, 762, 47
15, 568, 46
15, 373, 14
5, 1005, 25
9, 186, 48
9, 1319, 47
13, 1129, 13
6, 1218, 44
11, 1382, 42
5, 243, 14
13, 1013, 17
15, 953, 4
14, 700, 15
3, 797, 34
11, 1251, 38
10, 1048, 39
14, 975, 48
10, 658, 44
8, 1075, 47
6, 1000, 37
7, 275, 4
2, 166, 36
11, 141, 11
15, 309, 43
10, 1053, 15
3, 498, 43
11, 1130, 18
13, 905, 33
5, 668, 30
2, 845, 12
6, 465, 25
1, 730, 40
7, 155, 28
3, 1304, 10
7, 992, 14
11, 59, 40
13, 760, 32
12, 1129, 27
15, 1097, 1
4, 776, 50
11, 70, 23
12, 743, 13
6, 459, 15
14, 856, 7
9, 1413, 26
9, 816, 27
14, 131, 3
4, 1338, 29
7, 649, 17
8, 527, 39
10, 1132, 38
6, 1027, 19
4, 918, 29
15, 1322, 16
6, 224, 1
15, 1425, 46
2, 302, 15
2, 559, 13
3, 1115, 27
7, 1080, 9
7, 1392, 43
2, 1054, 17
13, 561, 3
14, 541, 14
1, 39, 1
11, 655, 44
8, 1111, 21
2, 92, 21
11, 1098, 46
4, 259, 48
13, 269, 31
8, 74, 38
7, 1225, 8
15, 220, 18
12, 836, 3
10, 1413, 28
10, 1424, 14
9, 58, 27
6, 336, 8
4, 179, 17
5, 497, 9
12, 559, 18
3, 600, 39
4, 1428, 31
5, 1001, 30
1, 233, 50
7, 1284, 26
10, 233, 50
8, 1005, 47
9, 1093, 28
13, 1361, 8
15, 906, 46
2, 967, 24
4, 1116, 40
5, 479, 17
14, 393, 7
4, 294, 36
12, 1429, 7
14, 1113, 50
7, 474, 21
1, 186, 6
5, 1257, 21
5, 930, 15
12, 1099, 10
7, 946, 21
13, 420, 39
11, 863, 3
10, 482, 50
8, 684, 7
6, 1301, 22
15, 345, 48
10, 469, 47
13, 894, 24
7, 668, 33
7, 54, 24
15, 1408, 23
14, 1225, 2
11, 31, 38
10, 147, 16
5, 1320, 1
15, 133, 45
5, 793, 6
9, 60, 20
5, 807, 34
1, 1297, 44
5, 567, 30
2, 643, 1
10, 861, 5
15, 320, 24
day8
7, 718, 15
11, 597, 15
9, 1138, 29
13, 990, 31
1, 1262, 41
3, 530, 5
3, 17, 20
1, 1176, 13
6, 536, 10
1, 324, 2
5, 1361, 28
14, 1183, 28
11, 1386, 20
12, 410, 18
14, 1321, 17
2, 145, 5
6, 1003, 21
7, 917, 11
5, 540, 42
10, 689, 11
12, 1017, 6
3, 654, 45
13, 1026, 13
11, 489, 43
13, 872, 43
7, 35, 36
2, 960, 48
1, 179, 29
7, 1132, 38
10, 957, 4
14, 562, 31
10, 48, 9
15, 791, 18
14, 359, 43
6, 1034, 8
3, 57, 23
15, 275, 16
3, 773, 47
6, 944, 12
2, 656, 23
13, 419, 28
6, 898, 1
14, 1186, 41
4, 1115, 47
1, 880, 15
12, 1286, 22
8, 1407, 49
11, 1250, 45
1, 405, 2
7, 359, 2
11, 489, 45
10, 62, 41
10, 1342, 42
7, 248, 12
2, 946, 26
10, 1208, 17
8, 538, 31
8, 665, 13
5, 439, 23
4, 1337, 32
3, 220, 24
2, 370, 3
8, 335, 9
2, 755, 3
10, 612, 16
7, 9, 26
7, 1267, 43
1, 420, 15
3, 827, 46
11, 492, 14
2, 139, 45
15, 667, 48
6, 790, 37
8, 745, 35
9, 1163, 37
5, 1137, 32
13, 510, 1
13, 90, 11
14, 730, 22
6, 885, 21
7, 1215, 43
3, 942, 37
10, 878, 6
9, 1208, 1
9, 920, 40
10, 1390, 35
1, 210, 23
5, 628, 27
3, 258, 35
4, 1207, 46
5, 691, 15
13, 345, 35
14, 799, 40
4, 863, 23
14, 1067, 33
2, 213, 22
5, 115, 33
2, 1291, 12
11, 1428, 7
11, 863, 28
7, 1162, 7
6, 30, 26
8, 1425, 50
10, 64, 50
4, 1296, 8
14, 538, 29
10, 602, 50
6, 251, 12
9, 715, 28
6, 369, 49
8, 1363, 2
12, 1213, 22
12, 381, 19
10, 535, 26
9, 369, 24
13, 954, 22
1, 100, 39
2, 1319, 15
4, 820, 23
6, 728, 13
9, 1253, 19
2, 1254, 36
12, 752, 24
4, 680, 16
9, 676, 25
6, 1009, 46
9, 753, 12
12, 946, 19
12, 613, 16
10, 617, 39
9, 89, 50
1, 820, 46
9, 569, 47
10, 1250, 29
2, 208, 44
1, 1007, 7
13, 1404, 31
11, 1232, 15
12, 1297, 35
15, 899, 11
10, 1266, 44
2, 568, 6
9, 970, 48
4, 224, 26
5, 651, 20
2, 794, 8
1, 407, 25
10, 1127, 13
10, 1161, 10
4, 1082, 37
8, 1061, 25
12, 1436, 22
10, 676, 3
13, 633, 47
5, 1298, 28
3, 256, 39
9, 661, 49
3, 502, 13
11, 606, 6
3, 476, 34
14, 971, 33
10, 750, 31
11, 726, 24
14, 681, 43
10, 1181, 6
12, 745, 31
4, 1318, 41
12, 896, 36
10, 1182, 43
8, 239, 15
1, 1406, 21
8, 823, 33
15, 1121, 19
4, 699, 35
5, 1304, 14
15, 1091, 28
9, 1291, 31
10, 722, 49
9, 1201, 22
3, 1092, 25
8, 279, 1
14, 782, 49
15, 684, 9
9, 898, 30
3, 1162, 31
day9
8, 992, 19
14, 470, 17
4, 199, 4
10, 1424, 39
11, 871, 23
15, 839, 9
3, 186, 25
8, 692, 6
13, 1111, 48
5, 1352, 17
8, 717, 30
10, 743, 12
14, 377, 1
8, 774, 19
5, 875, 43
2, 1362, 15
2, 1158, 40
13, 1151, 7
2, 544, 14
15, 1403, 28
5, 216, 32
10, 9, 44
12, 576, 29
6, 155, 28
14, 1424, 39
11, 361, 9
8, 465, 8
6, 1201, 16
14, 524, 30
3, 486, 25
1, 255, 14
5, 781, 5
9, 111, 39
day10
11, 891, 37
5, 138, 45
9, 833, 50
7, 591, 12
7, 1193, 49
7, 230, 39
6, 807, 26
15, 770, 13
4, 410, 36
8, 798, 41
2, 233, 13
7, 214, 25
4, 221, 29
4, 97, 13
5, 246, 2
5, 158, 38
9, 345, 4
13, 225, 24
13, 520, 40
15, 1416, 30
5, 1136, 48
13, 421, 17
10, 420, 5
10, 125, 49
day11
1, 205, 13
14, 363, 49
3, 309, 2
5, 224, 24
12, 507, 37
4, 1038, 13
2, 1245, 35
4, 596, 19
10, 1114, 37
5, 53, 46
11, 761, 19
15, 350, 17
13, 974, 18
8, 892, 22
3, 1266, 47
2, 679, 3
12, 1015, 42
13, 1089, 30
12, 698, 18
2, 795, 23
14, 598, 33
15, 1086, 32
14, 777, 49
2, 594, 10
12, 1337, 38
10, 620, 20
8, 798, 24
1, 1339, 47
4, 1300, 22
2, 587, 7
10, 1289, 24
11, 44, 32
3, 965, 37
1, 325, 17
1, 844, 20
14, 3, 14
5, 960, 18
13, 9, 40
15, 1176, 6
4, 133, 25
1, 1238, 2
10, 1395, 15
12, 246, 34
7, 1203, 35
2, 76, 48
15, 56, 22
4, 996, 8
13, 1030, 35
6, 1074, 35
15, 1106, 2
2, 1049, 10
14, 506, 16
3, 78, 21
11, 871, 46
15, 1058, 16
1, 586, 39
7, 1143, 10
12, 684, 34
4, 623, 31
10, 1396, 33
11, 1057, 7
12, 905, 16
12, 461, 41
9, 899, 33
3, 1280, 14
3, 604, 38
10, 630, 37
9, 963, 34
2, 128, 11
12, 703, 48
9, 42, 22
8, 763, 1
4, 583, 39
14, 1101, 9
3, 206, 19
3, 625, 16
6, 1062, 26
3, 542, 8
6, 1414, 49
15, 466, 23
5, 92, 8
14, 536, 44
7, 285, 5
4, 669, 43
5, 187, 42
9, 787, 1
1, 1319, 42
1, 1380, 11
15, 816, 37
8, 602, 37
7, 707, 15
6, 708, 17
9, 748, 30
11, 556, 48
9, 409, 39
13, 980, 31
8, 1194, 7
5, 498, 33
15, 210, 17
8, 1170, 17
3, 1040, 1
1, 427, 43
1, 1162, 19
14, 1233, 3
1, 371, 23
4, 64, 29
14, 17, 6
14, 937, 48
15, 524, 44
10, 517, 36
5, 109, 45
1, 841, 12
12, 779, 47
14, 833, 16
12, 949, 34
4, 1100, 13
10, 523, 34
7, 1015, 50
1, 1391, 12
11, 397, 4
4, 610, 30
3, 833, 4
5, 731, 15
4, 990, 49
4, 660, 19
12, 1367, 22
10, 130, 15
11, 893, 22
7, 1418, 12
8, 134, 29
15, 299, 36
14, 836, 36
5, 1416, 12
5, 1099, 49
15, 1231, 43
11, 65, 38
15, 771, 48
4, 446, 49
2, 286, 1
5, 1118, 24
3, 428, 36
4, 388, 9
15, 1420, 17
10, 1420, 10
3, 305, 44
7, 794, 43
14, 66, 13
4, 1323, 7
14, 1240, 27
3, 195, 49
2, 1340, 34
9, 1368, 11
5, 112, 35
7, 566, 27
1, 1363, 23
9, 1072, 27
4, 426, 33
14, 777, 6
14, 432, 28
13, 1305, 42
4, 604, 10
7, 1211, 16
2, 932, 29
1, 44, 40
12, 720, 41
14, 789, 28
4, 8, 28
7, 1398, 45
8, 1295, 23
day12
4, 1361, 36
6, 1034, 32
12, 1422, 46
6, 1320, 46
13, 613, 5
3, 687, 10
9, 762, 46
5, 354, 19
11, 127, 50
9, 653, 39
4, 306, 32
12, 219, 42
3, 224, 28
8, 894, 9
9, 928, 15
15, 1266, 30
1, 673, 37
9, 48, 41
6, 1419, 26
1, 963, 3
1, 1024, 11
2, 1416, 43
4, 493, 16
4, 296, 23
14, 755, 44
1, 390, 15
5, 514, 41
12, 258, 1
2, 900, 18
6, 927, 19
2, 791, 42
12, 857, 9
10, 1015, 26
10, 233, 29
5, 351, 39
13, 1402, 5
14, 822, 24
4, 858, 19
3, 1292, 9
12, 1086, 35
4, 1274, 35
11, 1192, 11
3, 1366, 37
3, 167, 34
10, 215, 5
9, 1144, 40
10, 238, 26
11, 60, 44
7, 844, 46
8, 365, 15
8, 598, 43
2, 383, 14
11, 1228, 38
6, 39, 3
13, 333, 32
10, 1060, 21
15, 1410, 37
3, 472, 1
8, 1304, 27
3, 326, 46
13, 40, 9
1, 55, 10
4, 896, 28
9, 719, 20
12, 277, 1
10, 310, 25
1, 1036, 9
13, 844, 2
12, 785, 13
3, 85, 17
8, 1389, 21
12, 1347, 41
5, 1363, 37
1, 1332, 21
4, 880, 49
12, 958, 10
1, 1073, 6
7, 473, 10
1, 219, 40
2, 464, 30
2, 324, 1
1, 363, 12
4, 83, 50
7, 1246, 48
7, 937, 43
13, 256, 27
10, 133, 23
9, 521, 7
5, 76, 25
12, 702, 42
4, 554, 4
1, 305, 33
8, 222, 38
6, 471, 41
1, 847, 26
4, 580, 1
13, 129, 25
8, 313, 38
13, 1125, 23
15, 1387, 17
1, 871, 49
7, 425, 3
14, 987, 29
7, 966, 2
9, 819, 38
9, 1016, 25
2, 650, 29
4, 936, 8
day13
2, 1198, 27
6, 283, 48
9, 497, 26
5, 942, 21
3, 1017, 41
7, 423, 16
9, 450, 27
5, 267, 32
15, 241, 34
15, 332, 39
6, 718, 26
13, 1238, 4
13, 850, 33
8, 623, 15
7, 1090, 19
7, 499, 14
12, 518, 15
12, 278, 32
4, 628, 6
1, 403, 17
6, 353, 14
15, 349, 23
11, 1290, 24
10, 67, 15
8, 1325, 35
11, 854, 43
8, 230, 34
9, 454, 31
8, 565, 49
11, 1398, 19
2, 1223, 6
3, 549, 31
6, 148, 50
2, 427, 22
9, 147, 38
1, 1402, 22
12, 525, 46
15, 835, 38
12, 525, 41
7, 1151, 46
3, 22, 15
4, 1070, 5
6, 146, 5
4, 1193, 22
5, 549, 13
7, 928, 20
7, 688, 27
10, 905, 33
3, 136, 50
4, 692, 2
13, 513, 33
14, 131, 15
1, 1423, 37
1, 435, 15
15, 622, 21
8, 944, 27
5, 99, 27
6, 939, 24
14, 731, 20
9, 994, 34
1, 922, 8
3, 989, 10
15, 838, 16
1, 1102, 47
12, 718, 25
8, 273, 34
12, 182, 43
7, 831, 18
10, 1248, 29
7, 1332, 33
9, 510, 13
4, 885, 27
7, 581, 22
15, 800, 10
13, 1243, 46
15, 578, 27
1, 439, 15
9, 953, 31
12, 551, 14
9, 1343, 6
15, 1364, 19
13, 504, 15
15, 112, 2
9, 1135, 33
3, 1365, 8
13, 1319, 10
14, 1281, 14
5, 1091, 38
9, 629, 11
7, 1014, 42
15, 939, 4
5, 530, 22
5, 181, 20
1, 161, 25
13, 634, 49
12, 492, 12
7, 1168, 46
7, 314, 24
4, 1134, 25
9, 825, 9
8, 266, 23
14, 971, 9
1, 35, 5
11, 474, 14
6, 1122, 5
3, 819, 27
9, 940, 31
6, 1142, 36
5, 837, 13
3, 1440, 31
2, 962, 4
1, 798, 39
5, 1009, 16
11, 1205, 22
8, 213, 25
15, 1336, 13
14, 374, 15
11, 437, 40
12, 160, 46
7, 257, 28
14, 661, 34
12, 1281, 45
1, 238, 40
14, 1415, 44
13, 534, 36
8, 617, 17
6, 121, 28
5, 754, 26
13, 446, 9
1, 460, 30
11, 982, 41
6, 471, 19
14, 350, 8
9, 184, 37
13, 240, 40
6, 237, 19
1, 1091, 43
13, 455, 31
7, 1126, 17
6, 767, 10
8, 379, 31
2, 471, 43
8, 543, 1
9, 225, 12
10, 236, 19
11, 1328, 45
3, 95, 30
11, 152, 47
2, 740, 33
2, 234, 15
13, 465, 41
8, 240, 25
7, 1058, 31
2, 267, 4
9, 490, 22
11, 655, 28
12, 187, 3
8, 625, 27
9, 370, 42
2, 1382, 6
1, 1367, 33
5, 1002, 8
15, 713, 30
7, 1424, 9
14, 657, 16
1, 412, 12
9, 703, 27
1, 1267, 25
day14
2, 129, 44
13, 1126, 8
3, 1342, 2
9, 1147, 8
5, 1059, 2
12, 361, 14
11, 1076, 20
6, 257, 8
14, 1109, 12
9, 688, 26
6, 23, 29
1, 569, 41
9, 115, 18
4, 583, 7
12, 977, 44
15, 751, 48
11, 1346, 47
6, 1130, 48
11, 1168, 5
12, 100, 16
3, 1091, 24
7, 131, 21
2, 14, 39
6, 739, 42
13, 53, 18
2, 1155, 10
11, 749, 7
4, 948, 36
3, 456, 27
1, 532, 42
2, 1428, 19
2, 723, 15
1, 406, 34
2, 1331, 22
10, 794, 26
15, 1245, 2
13, 70, 11
2, 1142, 32
11, 615, 27
15, 630, 46
11, 31, 5
3, 780, 9
8, 1351, 18
15, 350, 47
5, 690, 47
15, 760, 27
9, 885, 16
13, 1240, 31
7, 338, 44
9, 754, 13
10, 1388, 23
3, 541, 29
5, 896, 23
9, 206, 8
9, 700, 28
10, 1339, 31
1, 297, 39
14, 598, 16
1, 256, 4
2, 964, 45
5, 1076, 20
6, 684, 3
13, 877, 21
10, 613, 2
2, 66, 8
6, 33, 24
6, 1264, 34
1, 1262, 22
8, 385, 29
9, 1167, 4
2, 844, 6
13, 470, 33
13, 1367, 5
7, 50, 32
11, 386, 11
15, 405, 25
4, 922, 42
10, 1149, 32
15, 366, 42
6, 983, 27
6, 858, 14
7, 532, 31
1, 452, 7
3, 690, 14
11, 1272, 20
10, 669, 26
11, 1353, 23
11, 926, 23
8, 1434, 13
5, 923, 10
6, 270, 8
12, 517, 48
14, 923, 20
8, 342, 41
12, 308, 39
6, 1103, 6
2, 197, 13
13, 699, 3
3, 732, 34
2, 1080, 5
8, 548, 27
3, 1424, 21
10, 202, 26
6, 1326, 19
5, 822, 49
11, 1358, 28
5, 1024, 38
7, 974, 23
14, 469, 7
7, 602, 39
14, 1359, 34
8, 1377, 13
8, 640, 49
3, 711, 8
8, 7, 26
3, 201, 26
14, 364, 37
11, 702, 34
13, 564, 24
3, 1087, 21
11, 1181, 9
14, 902, 35
12, 779, 29
14, 652, 33
4, 1079, 50
12, 1223, 22
6, 477, 18
15, 381, 12
12, 514, 31
4, 348, 6
6, 937, 28
8, 1209, 47
7, 207, 34
11, 282, 21
12, 995, 40
5, 591, 26
13, 82, 15
5, 142, 49
9, 1118, 15
10, 955, 5
10, 220, 36
10, 1307, 40
8, 323, 25
4, 994, 49
4, 202, 14
8, 934, 18
4, 746, 22
1, 369, 43
4, 985, 44
2, 1179, 30
2, 960, 25
6, 102, 36
12, 1285, 40
1, 40, 24
11, 823, 38
7, 1041, 37
12, 935, 21
7, 460, 5
10, 357, 15
6, 888, 26
2, 492, 23
7, 1297, 48
10, 890, 11
10, 1022, 22
12, 21, 45
7, 699, 4
3, 899, 27
9, 473, 34
2, 370, 49
9, 98, 1
5, 759, 21
13, 814, 7
11, 722, 6
3, 895, 40
4, 790, 17
1, 98, 25
14, 126, 30
8, 856, 43
15, 1262, 39
2, 253, 12
14, 887, 46
10, 1075, 11
14, 1389, 27
4, 989, 18
day15
7, 62, 23
13, 687, 50
4, 1365, 44
4, 1348, 26
14, 1067, 48
13, 536, 49
2, 1183, 23
11, 1433, 44
2, 66, 42
9, 634, 13
5, 1073, 14
15, 657, 43
12, 565, 10
3, 924, 4
1, 297, 46
4, 1235, 39
10, 580, 7
15, 1089, 15
3, 79, 38
7, 1272, 48
6, 491, 40
15, 568, 2
7, 872, 48
7, 29, 35
8, 1439, 40
13, 893, 29
6, 686, 47
11, 841, 34
14, 894, 26
9, 665, 17
2, 1143, 37
11, 686, 41
4, 1223, 11
5, 501, 43
7, 1312, 2
10, 1198, 34
11, 1348, 7
12, 1437, 50
15, 1352, 10
9, 88, 45
8, 547, 42
4, 514, 30
13, 352, 8
12, 187, 33
8, 1227, 33
13, 651, 16
9, 811, 16
6, 414, 10
2, 1434, 29
15, 1316, 29
day16
15, 1408, 7
5, 643, 14
9, 410, 30
9, 1355, 34
11, 349, 3
13, 637, 37
11, 508, 9
8, 757, 21
14, 639, 28
2, 759, 11
5, 115, 33
3, 175, 9
1, 473, 29
5, 97, 47
14, 663, 26
12, 120, 27
14, 724, 49
15, 16, 36
2, 588, 13
6, 1339, 38
1, 886, 49
8, 1352, 36
3, 1154, 5
15, 965, 30
day17
5, 1414, 48
8, 1277, 31
3, 622, 46
7, 346, 34
8, 1103, 24
15, 1318, 44
6, 1014, 2
1, 575, 14
10, 823, 47
15, 776, 4
3, 687, 25
1, 324, 26
5, 519, 37
11, 514, 46
3, 553, 50
3, 889, 16
3, 213, 19
10, 1056, 41
15, 310, 9
6, 1275, 14
2, 1252, 5
12, 748, 41
2, 677, 29
6, 401, 23
1, 915, 41
1, 1299, 5
4, 1167, 8
7, 1148, 23
5, 370, 40
8, 570, 16
2, 1271, 8
5, 396, 12
8, 380, 49
15, 181, 35
9, 950, 19
7, 32, 41
15, 180, 36
1, 1286, 27
14, 776, 19
3, 98, 2
10, 1247, 49
1, 1374, 37
6, 312, 49
14, 140, 15
10, 1107, 24
9, 404, 24
13, 152, 50
1, 1046, 39
5, 784, 40
15, 524, 25
1, 174, 27
5, 1020, 13
5, 482, 26
7, 1174, 22
11, 187, 17
15, 1149, 44
14, 1401, 10
5, 99, 22
14, 347, 7
1, 1132, 45
14, 1210, 44
4, 681, 23
1, 19, 50
8, 1159, 27
5, 1144, 38
2, 915, 17
13, 1316, 13
3, 502, 16
11, 464, 12
11, 774, 30
10, 375, 33
12, 1192, 25
3, 245, 6
13, 1149, 34
15, 677, 41
12, 867, 15
3, 543, 24
9, 837, 15
2, 1352, 48
6, 976, 41
7, 1346, 6
7, 292, 42
10, 1015, 28
day18
10, 207, 9
11, 251, 28
12, 1022, 37
15, 817, 44
5, 791, 35
11, 609, 15
4, 927, 7
12, 647, 17
10, 842, 34
4, 917, 11
5, 662, 23
14, 1296, 14
6, 229, 26
7, 1088, 3
7, 1118, 33
10, 342, 43
10, 48, 32
7, 1425, 11
2, 697, 23
5, 1049, 22
15, 676, 19
8, 588, 39
10, 1027, 20
15, 555, 47
3, 591, 33
3, 81, 23
9, 830, 7
10, 890, 36
2, 696, 38
8, 25, 3
6, 928, 2
15, 186, 43
9, 520, 43
3, 487, 28
1, 259, 33
5, 1116, 17
8, 990, 38
13, 740, 47
13, 711, 48
5, 1402, 3
9, 800, 38
15, 182, 24
2, 7, 12
6, 708, 22
3, 546, 44
day19
1, 531, 11
8, 53, 28
3, 1137, 4
13, 827, 22
15, 1292, 36
5, 483, 8
8, 1296, 9
3, 759, 16
1, 1149, 48
1, 132, 27
9, 851, 44
2, 687, 49
4, 962, 32
15, 621, 38
2, 795, 23
4, 1197, 40
3, 867, 4
11, 819, 29
7, 528, 45
11, 915, 22
8, 1072, 13
1, 1053, 7
8, 909, 27
5, 1179, 13
12, 1066, 42
1, 214, 3
12, 1109, 17
9, 1109, 29
5, 692, 43
15, 41, 19
9, 42, 30
13, 1210, 47
15, 639, 27
14, 1180, 6
10, 786, 38
6, 788, 41
13, 1219, 15
15, 1355, 49
7, 1404, 45
2, 1367, 11
11, 297, 41
10, 1402, 46
1, 1211, 43
13, 694, 50
14, 906, 8
10, 234, 48
2, 416, 11
7, 1308, 44
5, 588, 20
12, 1071, 5
12, 315, 31
13, 248, 22
7, 1132, 46
4, 209, 2
11, 1113, 2
5, 1055, 1
8, 1006, 32
6, 61, 6
11, 430, 33
6, 1294, 33
12, 529, 42
6, 1153, 18
10, 786, 31
3, 157, 15
13, 651, 49
12, 885, 21
9, 3, 31
8, 804, 49
14, 1301, 9
3, 450, 20
4, 483, 38
3, 1195, 21
12, 1056, 17
12, 946, 2
12, 441, 16
6, 632, 14
6, 810, 34
6, 490, 37
5, 504, 49
13, 591, 8
8, 601, 35
4, 956, 30
10, 476, 41
9, 356, 14
5, 401, 26
2, 754, 11
6, 434, 50
15, 1384, 11
3, 304, 23
10, 607, 20
14, 1417, 25
14, 1109, 39
3, 757, 41
2, 217, 37
9, 817, 24
6, 646, 40
3, 441, 14
1, 983, 1
3, 1069, 14
4, 100, 35
12, 179, 35
15, 586, 32
14, 1420, 27
4, 129, 36
4, 689, 11
12, 263, 16
2, 591, 24
3, 313, 48
13, 1205, 28
7, 1268, 42
15, 1309, 46
3, 14, 5
4, 1385, 9
9, 804, 47
2, 786, 39
9, 1311, 21
7, 1257, 37
2, 1389, 35
8, 655, 6
6, 551, 21
12, 431, 35
day20
4, 1389, 28
14, 1357, 41
1, 218, 22
13, 1041, 50
13, 213, 12
12, 1042, 12
14, 649, 43
4, 83, 32
14, 573, 3
5, 751, 20
11, 1178, 1
11, 1406, 13
4, 992, 43
3, 1061, 25
10, 429, 25
6, 331, 37
10, 1405, 19
1, 1212, 6
11, 884, 31
13, 1254, 19
13, 915, 6
6, 63, 32
14, 881, 31
8, 1180, 4
8, 179, 42
8, 1379, 17
9, 916, 25
5, 1036, 27
5, 1269, 44
6, 796, 3
12, 1275, 24
8, 1361, 12
2, 56, 36
15, 859, 50
12, 671, 16
2, 1186, 47
6, 989, 38
10, 792, 16
10, 828, 26
1, 304, 11
5, 541, 26
2, 1340, 21
day21
5, 828, 3
8, 1371, 38
10, 488, 39
15, 894, 19
6, 356, 35
8, 876, 1
9, 854, 19
15, 1330, 47
15, 1400, 34
11, 1049, 9
13, 1435, 19
5, 1161, 40
14, 584, 6
4, 784, 17
5, 1358, 20
4, 1037, 4
12, 1394, 36
12, 674, 45
9, 1428, 24
1, 48, 34
4, 730, 32
7, 264, 45
8, 739, 3
1, 705, 49
10, 370, 38
5, 315, 12
1, 1306, 48
3, 460, 29
10, 864, 33
2, 80, 49
11, 315, 36
13, 545, 40
10, 1299, 14
11, 233, 29
9, 941, 23
6, 472, 19
4, 847, 35
13, 346, 28
11, 1350, 20
14, 502, 41
1, 202, 43
9, 267, 18
1, 138, 11
5, 1376, 40
5, 688, 20
10, 627, 7
2, 899, 6
3, 366, 19
5, 1099, 24
13, 917, 1
8, 819, 46
6, 1011, 15
2, 942, 50
5, 563, 2
6, 416, 30
15, 1429, 42
6, 277, 12
12, 877, 22
day22
12, 1005, 10
2, 488, 31
3, 672, 1
12, 1413, 3
2, 1099, 18
10, 795, 37
15, 980, 37
10, 102, 46
8, 445, 14
7, 1148, 22
13, 1358, 7
12, 1287, 39
1, 1428, 37
5, 1205, 30
5, 756, 26
10, 937, 43
13, 602, 22
14, 1187, 33
14, 771, 1
15, 620, 11
1, 355, 34
1, 434, 28
7, 1154, 30
3, 1010, 2
12, 249, 39
7, 354, 31
3, 876, 44
3, 595, 18
12, 4, 34
13, 152, 31
11, 905, 47
11, 594, 16
14, 458, 16
8, 1129, 28
7, 444, 25
9, 339, 21
2, 1122, 29
7, 785, 14
8, 910, 31
2, 808, 3
15, 1364, 27
12, 604, 5
8, 1218, 12
1, 921, 50
9, 1014, 48
11, 1203, 7
1, 518, 48
8, 671, 48
6, 1080, 2
5, 746, 32
12, 1287, 14
3, 109, 11
13, 190, 17
13, 1369, 23
11, 1099, 11
13, 833, 25
12, 969, 24
11, 1357, 21
5, 1250, 14
7, 8, 40
4, 687, 2
11, 1354, 43
9, 86, 9
4, 1272, 4
9, 537, 27
6, 909, 4
5, 991, 9
4, 836, 43
11, 343, 32
2, 1070, 35
8, 404, 19
5, 298, 14
6, 976, 15
13, 1349, 47
2, 704, 29
11, 23, 27
1, 1016, 40
11, 722, 7
13, 1050, 36
12, 482, 31
4, 932, 44
7, 278, 47
15, 145, 43
2, 1088, 7
5, 839, 33
12, 122, 29
3, 1178, 6
14, 132, 10
3, 1403, 5
3, 158, 5
5, 1173, 48
3, 217, 22
15, 1112, 34
9, 1079, 43
4, 366, 17
8, 383, 50
2, 1013, 32
7, 1380, 13
4, 736, 10
1, 307, 20
10, 1145, 18
2, 1413, 21
12, 159, 5
10, 190, 8
8, 237, 7
4, 21, 33
3, 997, 7
5, 39, 10
10, 166, 23
2, 927, 31
15, 203, 50
8, 1434, 3
4, 673, 23
11, 828, 49
8, 1404, 42
9, 1094, 5
4, 1183, 35
2, 1415, 16
10, 710, 31
day23
14, 175, 34
13, 308, 13
4, 143, 9
1, 766, 15
6, 534, 45
6, 3, 29
7, 660, 26
14, 681, 22
2, 1042, 4
8, 387, 4
12, 83, 34
14, 1273, 8
3, 1274, 32
8, 619, 4
14, 1358, 23
15, 384, 27
3, 979, 20
9, 715, 43
7, 315, 31
12, 387, 5
14, 1225, 49
4, 180, 41
7, 427, 38
12, 1190, 11
13, 1100, 19
7, 645, 39
11, 974, 1
3, 503, 2
11, 69, 48
5, 800, 40
8, 609, 27
3, 860, 4
8, 458, 47
4, 634, 37
14, 1107, 14
9, 1358, 40
1, 1181, 2
2, 969, 17
10, 947, 30
9, 1006, 29
6, 521, 31
1, 677, 45
1, 792, 2
3, 1169, 17
1, 656, 45
15, 189, 6
3, 598, 6
11, 898, 39
1, 834, 10
2, 184, 18
4, 154, 46
12, 184, 39
10, 37, 24
13, 1429, 41
15, 449, 39
5, 1402, 25
1, 1206, 18
10, 489, 32
5, 399, 15
9, 138, 4
13, 578, 46
10, 1346, 46
13, 549, 36
7, 1309, 32
10, 1291, 49
9, 1385, 20
14, 545, 14
3, 1050, 27
4, 263, 43
13, 343, 29
6, 1121, 30
4, 572, 25
7, 1418, 39
7, 142, 19
10, 1106, 28
11, 931, 14
12, 523, 9
1, 233, 40
7, 911, 15
5, 1226, 45
7, 308, 47
10, 1265, 1
12, 1202, 6
10, 595, 7
3, 955, 18
10, 1066, 5
9, 570, 35
5, 1037, 12
14, 380, 33
15, 271, 49
3, 85, 43
15, 343, 25
11, 643, 48
5, 636, 12
2, 188, 11
15, 296, 9
9, 615, 40
8, 880, 39
12, 873, 35
15, 644, 1
3, 766, 37
2, 396, 24
10, 230, 3
2, 782, 17
8, 341, 48
4, 1141, 23
11, 781, 34
8, 633, 37
13, 26, 45
8, 619, 35
11, 1361, 8
8, 134, 34
1, 343, 1
10, 527, 42
2, 1374, 36
day24
6, 66, 1
9, 837, 24
3, 265, 47
14, 475, 10
1, 661, 27
8, 767, 36
7, 60, 13
12, 532, 25
7, 494, 31
3, 1005, 18
11, 152, 40
9, 1199, 3
8, 443, 30
2, 1114, 18
4, 1341, 19
1, 102, 45
1, 419, 47
14, 312, 15
14, 183, 29
12, 1107, 30
5, 370, 11
3, 527, 41
11, 690, 50
4, 421, 44
4, 31, 39
1, 2, 42
6, 421, 1
7, 1104, 50
6, 1116, 47
day25
13, 649, 48
15, 1035, 43
1, 747, 1
2, 1066, 39
2, 194, 47
9, 535, 49
13, 988, 5
3, 555, 8
2, 1195, 48
10, 152, 3
5, 177, 7
15, 217, 7
15, 180, 20
13, 545, 49
13, 1208, 32
5, 1417, 10
6, 32, 9
11, 527, 36
1, 1122, 37
5, 1127, 32
10, 279, 41
8, 568, 28
4, 1234, 11
4, 501, 21
11, 883, 21
day26
8, 387, 29
5, 1086, 22
5, 217, 18
11, 465, 17
9, 1368, 34
5, 325, 31
3, 853, 39
4, 346, 8
8, 80, 4
3, 716, 37
13, 1187, 31
8, 477, 5
9, 156, 12
5, 226, 21
2, 761, 5
4, 324, 50
13, 200, 29
6, 687, 45
5, 1227, 2
4, 1220, 43
5, 288, 29
11, 280, 3
5, 120, 21
8, 1212, 43
2, 70, 36
10, 1341, 3
4, 882, 24
5, 1222, 47
12, 835, 13
7, 935, 15
2, 773, 39
10, 575, 12
12, 491, 10
4, 778, 26
12, 550, 10
15, 809, 50
3, 1248, 47
4, 367, 8
2, 1431, 10
1, 792, 7
13, 2, 44
2, 520, 41
10, 508, 29
5, 77, 22
10, 635, 47
6, 786, 48
9, 663, 7
12, 138, 6
14, 735, 19
1, 478, 45
6, 1166, 22
12, 1436, 43
10, 1096, 39
6, 33, 8
1, 349, 4
2, 30, 18
8, 543, 32
4, 1036, 1
13, 1117, 41
8, 196, 17
8, 428, 36
5, 14, 25
9, 14, 37
11, 64, 39
14, 27, 14
11, 1146, 12
13, 826, 5
3, 1120, 34
9, 1428, 19
6, 639, 4
7, 280, 30
2, 249, 20
4, 618, 14
14, 356, 11
12, 1113, 1
15, 1357, 43
7, 847, 29
15, 11, 43
4, 1101, 27
11, 307, 9
15, 715, 31
9, 13, 19
7, 1068, 50
13, 809, 13
4, 816, 9
12, 1113, 10
12, 122, 31
8, 576, 32
8, 522, 5
7, 197, 38
9, 1263, 14
9, 727, 37
9, 237, 13
12, 203, 44
14, 7, 11
5, 873, 12
7, 151, 25
9, 1059, 6
7, 1067, 29
4, 548, 45
3, 1003, 26
12, 1005, 44
11, 275, 14
8, 1335, 33
9, 1220, 28
2, 328, 34
2, 34, 4
8, 1187, 27
8, 598, 27
1, 961, 44
5, 223, 28
2, 1333, 16
13, 949, 2
10, 746, 35
2, 1029, 47
15, 1151, 44
4, 1052, 33
15, 1437, 35
13, 276, 24
1, 548, 38
12, 1106, 31
2, 1326, 39
10, 1230, 13
4, 129, 28
11, 1401, 22
13, 256, 7
10, 835, 27
6, 240, 36
4, 1426, 8
6, 943, 25
4, 344, 48
2, 306, 9
7, 443, 8
15, 957, 48
1, 1045, 47
6, 595, 26
8, 324, 20
14, 369, 35
6, 100, 33
6, 632, 4
3, 338, 23
3, 226, 8
7, 215, 13
7, 985, 23
14, 576, 17
4, 151, 17
1, 1055, 32
3, 1128, 16
4, 413, 20
7, 315, 6
10, 1257, 2
10, 681, 23
6, 407, 41
9, 1431, 47
1, 293, 44
10, 532, 19
15, 596, 36
4, 1246, 1
14, 1035, 4
9, 1240, 43
12, 602, 12
6, 612, 40
15, 143, 20
15, 961, 11
8, 350, 48
12, 49, 37
10, 1172, 39
10, 831, 46
12, 192, 44
7, 512, 45
6, 974, 19
1, 486, 22
15, 213, 36
7, 234, 6
7, 1029, 5
4, 255, 21
13, 1302, 20
11, 341, 46
3, 627, 18
6, 696, 37
3, 1434, 19
5, 327, 6
2, 769, 18
15, 1279, 15
7, 151, 26
10, 47, 23
5, 404, 10
4, 1218, 38
4, 705, 12
2, 1190, 20
15, 389, 43
day27
10, 65, 4
5, 284, 17
10, 106, 4
13, 1101, 24
5, 311, 48
11, 379, 33
5, 609, 6
9, 52, 26
1, 40, 15
9, 1117, 24
3, 598, 4
10, 219, 30
7, 812, 44
8, 396, 36
11, 655, 8
13, 717, 42
3, 186, 3
1, 1139, 46
15, 167, 7
13, 1044, 4
2, 74, 39
3, 951, 16
14, 421, 19
10, 776, 27
2, 209, 18
2, 1239, 36
4, 889, 40
14, 469, 29
10, 143, 18
13, 559, 7
2, 156, 42
5, 324, 35
6, 498, 14
12, 389, 15
9, 30, 39
10, 231, 7
7, 1022, 5
9, 1322, 27
14, 764, 32
6, 1009, 14
3, 307, 45
13, 318, 7
3, 145, 3
3, 946, 15
12, 345, 28
11, 829, 11
1, 847, 42
6, 1109, 44
3, 1227, 32
7, 250, 15
1, 1235, 24
15, 671, 39
4, 365, 43
1, 1001, 15
1, 515, 18
14, 19, 3
7, 1426, 25
14, 669, 33
14, 1147, 42
10, 666, 21
9, 1026, 26
10, 576, 23
5, 666, 36
10, 242, 50
5, 1090, 41
9, 626, 3
11, 726, 9
7, 951, 9
12, 658, 42
12, 462, 37
7, 280, 38
6, 1160, 37
8, 222, 36
15, 8, 6
9, 1161, 4
8, 43, 9
11, 1433, 7
5, 916, 26
3, 842, 46
8, 91, 34
3, 754, 19
12, 151, 29
2, 381, 44
8, 31, 6
12, 994, 21
8, 1337, 46
5, 969, 15
8, 78, 11
8, 1273, 48
4, 249, 36
12, 1219, 22
12, 103, 47
11, 299, 17
13, 1288, 6
4, 1381, 7
5, 762, 3
12, 245, 23
9, 1257, 43
2, 138, 49
15, 177, 40
13, 448, 15
13, 959, 34
4, 1159, 30
2, 1303, 5
10, 1030, 37
3, 509, 48
10, 1136, 17
7, 718, 5
10, 893, 39
1, 22, 30
5, 780, 37
12, 519, 27
9, 27, 34
14, 1224, 44
12, 810, 49
13, 352, 21
10, 272, 28
8, 442, 2
9, 812, 38
day28
4, 1336, 23
11, 901, 14
5, 1391, 16
4, 483, 28
8, 123, 36
14, 1178, 41
10, 1147, 36
8, 1150, 18
2, 95, 7
5, 320, 44
9, 925, 23
9, 1003, 40
1, 1048, 14
9, 1164, 20
9, 1001, 21
4, 716, 4
4, 541, 4
4, 1204, 40
15, 151, 24
13, 614, 34
11, 144, 28
8, 29, 5
11, 944, 42
1, 680, 24
5, 845, 6
5, 669, 10
10, 10, 34
6, 708, 28
15, 626, 49
7, 1273, 38
2, 113, 41
14, 1310, 6
15, 845, 9
3, 761, 10
15, 118, 40
14, 998, 33
12, 85, 44
1, 126, 41
5, 32, 1
14, 946, 1
4, 1430, 26
1, 438, 13
9, 817, 23
3, 394, 20
12, 95, 30
9, 177, 9
11, 919, 41
15, 661, 38
15, 605, 6
2, 143, 31
2, 529, 49
12, 1322, 5
7, 352, 40
5, 886, 14
8, 46, 11
1, 622, 16
6, 1054, 43
11, 709, 36
13, 999, 9
15, 682, 12
14, 1097, 10
8, 1400, 27
12, 975, 29
10, 1413, 47
14, 587, 34
day29
1, 1353, 40
8, 731, 37
8, 578, 16
7, 836, 41
11, 795, 44
9, 1018, 9
4, 193, 37
12, 313, 7
1, 1378, 44
4, 948, 12
6, 1160, 34
3, 990, 48
10, 569, 29
10, 743, 35
8, 1438, 27
4, 327, 15
10, 466, 20
13, 1428, 29
15, 772, 46
11, 1183, 37
15, 529, 49
1, 156, 34
3, 963, 28
7, 775, 25
15, 1206, 44
4, 1350, 12
5, 161, 19
4, 1031, 25
2, 747, 45
12, 1221, 12
14, 1207, 3
1, 1224, 12
11, 799, 10
3, 623, 32
4, 1051, 37
7, 1170, 44
2, 1276, 49
11, 1223, 48
8, 346, 43
7, 734, 5
15, 854, 22
10, 663, 49
13, 820, 15
12, 33, 3
11, 808, 12
4, 107, 11
1, 710, 19
14, 4, 5
4, 420, 42
7, 133, 11
3, 845, 42
4, 55, 5
3, 947, 48
1, 420, 48
15, 992, 47
6, 1173, 42
10, 359, 5
3, 585, 50
14, 566, 23
4, 1153, 7
5, 928, 49
3, 253, 13
